.Random.seed <-
c(403L, 318L, 1257802980L, 1900908315L, 1992513586L, 780973806L, 
-1762816793L, 1150861785L, -126341700L, -1766667968L, -1145714431L, 
-850747663L, -1035444860L, 1797810641L, -1734042739L, -87252629L, 
-396192626L, -1718987557L, -1585861351L, -1202625436L, 923103246L, 
1514192926L, -866531160L, -639836383L, 1118661370L, 269241978L, 
1286254725L, -812956788L, 440493292L, -440917297L, -1612215309L, 
1005532124L, 961759669L, 279137298L, 1970178883L, -878724653L, 
456126531L, -502099422L, -2036684040L, -1839651555L, 1020089092L, 
-1246335143L, -776816087L, -907215465L, -1104311210L, 1823255470L, 
1732976965L, -1704158346L, -347414199L, 872252679L, 250448695L, 
2102267680L, 589336929L, -195984713L, -1308592220L, -1652639411L, 
-571111299L, -1212294151L, 1825990245L, 109831500L, -946266722L, 
-1175729401L, 1308071875L, -1630647978L, 135264041L, 1684862642L, 
2116691697L, -1876420462L, -1914090395L, -1744194216L, -749905127L, 
1556256448L, 1402000487L, 2126506429L, 202493757L, 719383988L, 
1909639207L, -1663365201L, 1887841298L, 9936697L, 1645066793L, 
25865427L, -701336381L, -1714334065L, -1108403781L, -426069704L, 
1198609341L, -628066790L, 719088373L, -964217112L, 1217877663L, 
1391082190L, 1747798945L, -1800423119L, -609350963L, 761257964L, 
-1799935582L, -1513684020L, 1282565241L, -1969609300L, -141884918L, 
-262393616L, 877336288L, -1377635716L, -2059821073L, -1436840928L, 
-153503961L, -2011137232L, 312619985L, 1951698981L, 2114892079L, 
-1538752539L, -1851329410L, 638586950L, 513299105L, -380141409L, 
-903521236L, -676878302L, 905124388L, -580980856L, 1551155911L, 
21547750L, 1130021156L, 1683331951L, 1103565680L, 1876763021L, 
144460115L, 1202539934L, 299909332L, 937671465L, -2116559396L, 
399546421L, 1477966854L, -1352962072L, 350089080L, -1196070510L, 
1213551675L, 1251329809L, -1736528611L, 1678613728L, -351389404L, 
-1388929153L, -919486817L, -1194211548L, -886268598L, 1233606848L, 
1535681014L, 1922037133L, -1564443176L, -636181622L, 608739853L, 
1080443853L, -2143648439L, -766904798L, 1682409272L, -209100850L, 
-489069914L, 1383345958L, 972781987L, 1099350385L, 1232475037L, 
49220173L, -1318570346L, 345273145L, -320350873L, -513668742L, 
941387204L, -70768965L, -550468985L, -469404708L, -45972444L, 
1135087129L, -1265015946L, -831517480L, 2004092039L, 1192707988L, 
-355808462L, 1727917399L, 1424968256L, 138618268L, 1321401615L, 
-1949782950L, -391214609L, -592991130L, -1585290401L, -1245527745L, 
-907755740L, 1038588106L, -2091888626L, 191326496L, -1657827896L, 
1735018924L, 1876287958L, 1966595620L, -1103837664L, -493909116L, 
-1345777951L, 1903392086L, -1408798848L, 1119235003L, -1666311211L, 
1501374002L, -1763743693L, -1546887884L, 945488729L, 2121548992L, 
-1614101620L, 2121591636L, 597902482L, 1809193250L, -460475722L, 
1515729926L, -1708552915L, 15406828L, -107256160L, -1955224006L, 
-1597097277L, -423033403L, -137623558L, 598895249L, 129318053L, 
-2046043987L, 1232181766L, -768899800L, -768915735L, -1137203737L, 
-1341136712L, 1739029214L, 1005882931L, -1021815426L, -1137183680L, 
189530231L, -1251050605L, 863671899L, 1501993543L, 444432813L, 
453519031L, 2141276347L, -2106115501L, -250895235L, 1902666793L, 
-1873699343L, 421925205L, 665416105L, 1408995237L, -768885562L, 
796500839L, -1919255404L, -2038681394L, 245187049L, 640173393L, 
1795202593L, -931337208L, 516372152L, -170267537L, -1134657088L, 
943460466L, 998973947L, 1954596889L, -787391739L, -24504781L, 
-1348803568L, 257998053L, 1448890708L, 948224972L, 757081259L, 
-223087124L, 254938309L, 1694737879L, 568792616L, 241906003L, 
-1240515634L, 1451985755L, 767605181L, -1318475737L, -68142961L, 
-2072594404L, -139535604L, 33836550L, 1478550156L, -1847614458L, 
1579469462L, -1553206599L, 13791234L, 1968059665L, 1809899227L, 
-205809542L, 398986166L, 6541326L, 334412355L, 1704040800L, -1474003116L, 
-278867553L, 649930613L, -1027319266L, 430056473L, -1558802197L, 
-27294310L, -1326503291L, 917229573L, -1749722928L, -1013655810L, 
5393645L, -312981578L, -1095343197L, -1182179510L, -193143424L, 
822073613L, -167274325L, 266610204L, 1751255637L, -1916519278L, 
-594903518L, 1833590534L, 785082323L, 1178245884L, 221118936L, 
-626957567L, 80117082L, 293670648L, 266884470L, -525255149L, 
374474843L, -49702548L, 1207546237L, 2070493189L, 1285773593L, 
-1261451354L, -1083050910L, 546193941L, -431808694L, 630374543L, 
253171176L, -1160742043L, 886810159L, -2017553948L, 1062835130L, 
-1354129579L, 489546563L, 970686195L, -1076980397L, -1474328607L, 
327988844L, -61294702L, -344528678L, -1424936959L, -1387811562L, 
1752109344L, 1327176898L, -1472109540L, -793041737L, 1033560508L, 
-966662148L, -1731515581L, -1299875875L, 900732940L, 365865911L, 
2071973520L, -1048961992L, -1262675118L, -401870066L, -2143714343L, 
1706269403L, 1016605780L, -675491820L, -2133125268L, -1744308140L, 
262328041L, -806040575L, 1636833016L, -1763959306L, -189091862L, 
-25730959L, 288035497L, 1528533420L, 368381103L, -733076449L, 
361024289L, -576568226L, 1602347582L, 197483336L, -177609842L, 
-204132898L, -1281022896L, -957779647L, 1389791059L, 1238300501L, 
-707475600L, -155521331L, 1318764639L, 1511916745L, -590106181L, 
-1456473009L, 343523743L, -176556894L, 797832925L, 1113379247L, 
-33811744L, -89831819L, 1065552361L, 801055490L, 1537840537L, 
-1724746541L, 1750725611L, -78434690L, 325646128L, 1908916L, 
-1420219978L, -1965995955L, 525418406L, 380893170L, 1211620388L, 
1885813510L, 488961339L, 150506649L, -634304167L, 1261308165L, 
1419244151L, 30154591L, 43931286L, 621055561L, 203328839L, 653859648L, 
-1073050531L, 1862512356L, 1995742286L, -23666977L, 451204360L, 
-1572160408L, 1391396739L, 1530768673L, 354413478L, 204836734L, 
1194161413L, -682440332L, -2020528415L, 41178357L, 1965449883L, 
1729011959L, 1083655064L, -654508780L, -805974618L, 687512011L, 
-1197006210L, -1217857402L, -822667450L, 1764780693L, 753356734L, 
1390547724L, 1663596356L, 859764607L, 278035264L, 742438137L, 
1046582890L, -265720230L, -779331676L, 378305334L, 1709735453L, 
-1965916676L, -789708081L, 152615781L, 1857336041L, 452229862L, 
543689194L, -1320946460L, 1441740499L, 954344686L, -975343251L, 
17668707L, -15545328L, 736962295L, -878455843L, -941850570L, 
659222403L, 1882714020L, -2036112339L, -583574443L, -1601833012L, 
1894659918L, 1748664113L, 473254100L, -999152303L, 927088049L, 
-1543029820L, 1031249543L, 1409116242L, 870690023L, 798477204L, 
-1225120169L, 1929311658L, -2070799734L, 1583648295L, -901734131L, 
-287831196L, 1004770074L, 1128681751L, 697754633L, 972984387L, 
1822203143L, 816641996L, 5816214L, -963422032L, -383922442L, 
-777008071L, 677457891L, -1474622184L, -1315921849L, 636029068L, 
1616360462L, 765357698L, 825707017L, -1794790810L, -463045306L, 
-769549905L, -1788753522L, 23408192L, 962191623L, -1655371098L, 
-1713063339L, 556165183L, 674521616L, 128057716L, -177224154L, 
-1390084289L, -1013518630L, -1961862937L, -653100917L, 1627026717L, 
23250235L, 1631289024L, 2057668921L, 1917264744L, -1680454292L, 
-1254966146L, 1183833277L, 7663725L, 1113637150L, 1958284188L, 
-202199823L, 539724474L, -514028628L, -1643529419L, -1754900101L, 
1982772400L, -3805068L, 1371986069L, -357234144L, -798692266L, 
1545593157L, -514998245L, -1043573155L, -479633895L, 468882417L, 
-1752955443L, 1928780216L, 622621734L, -1412348182L, 1458885348L, 
-1214419025L, -688610614L, -256011630L, 1331297154L, 2014144895L, 
1364610385L, 574243495L, 881095346L, 2095084632L, 1229661288L, 
-1847658570L, 1032886155L, -1374904917L, 637100861L, -2003237918L, 
-2092401444L, 1219642617L, -1182903022L, 571716090L, -1649228828L, 
988649146L, -1796324415L, 1222667213L, 1480253117L, -886989706L, 
84066072L, 1621361947L, 513935496L, 282854222L, -277627113L, 
1449411225L, 53208268L, 665210484L, -540111173L, -991740928L, 
1442468011L, -1690197825L, -1732941998L, 1161199377L, 265185062L, 
1871284986L, 494897447L, -592787636L, 889757052L, 452367771L, 
1308613064L, 1702064010L, -1927584118L, 603781842L, 2035695645L, 
